59 59 128
37 53
37 36
37 42
36 53
36 30
30 53
30 47
53 52
19 31
19 20
19 12
28 19
28 27
31 34
31 45
20 46
20 21
27 31
27 19
27 20
39 45
39 41
56 15
56 40
56 39
26 53
26 56
26 15
32 44
32 34
32 50
40 39
42 52
42 15
13 34
43 39
43 45
43 41
35 34
35 1
35 15
10 39
10 9
10 44
4 18
4 5
4 6
18 34
15 40
15 46
15 34
12 34
12 52
12 18
44 50
44 41
41 1
17 34
17 16
17 15
45 2
2 3
2 1
3 34
3 17
8 1
8 58
8 6
9 34
9 5
9 11
6 5
22 34
22 21
22 23
7 4
7 23
11 8
11 6
11 5
23 52
23 26
23 24
24 18
24 7
24 52
25 24
25 22
25 23
29 36
29 27
29 38
47 46
47 52
47 38
48 47
48 38
48 52
46 5
57 46
57 27
57 52
38 52
51 46
51 41
51 50
33 34
33 52
33 55
5 41
5 50
21 46
21 32
21 50
52 55
52 50
16 15
16 34
49 52
49 47
49 54
55 34
55 50
54 18
54 53
50 2
14 58
58 59
