33 33 91
10 2
26 2
2 4
2 27
2 15
22 23
22 27
15 27
15 14
15 31
7 4
7 23
14 2
14 7
14 27
14 11
14 9
31 14
31 27
31 23
31 11
31 30
31 19
27 7
27 17
27 25
27 4
27 13
27 23
27 11
27 19
27 9
17 25
17 13
17 11
25 4
25 23
4 13
4 32
4 23
4 19
13 16
13 28
13 19
13 2
23 28
23 5
23 18
23 20
23 19
23 11
11 28
11 30
11 19
19 30
19 20
19 24
19 21
21 31
21 11
9 19
20 9
20 18
20 6
30 23
30 32
30 14
32 28
32 16
32 18
32 12
32 24
28 18
16 33
16 18
29 16
29 18
5 18
18 30
12 30
12 3
12 24
24 20
6 18
1 6
8 3
8 6
3 6
3 32
30 27
27 20
