62 62 153
1 2
1 5
1 9
1 11
1 17
1 23
2 3
2 4
2 5
2 9
2 11
2 17
2 23
3 4
3 6
3 8
4 8
5 6
5 9
5 10
5 11
5 17
6 12
6 19
6 30
7 9
7 12
8 12
8 13
8 14
8 20
9 10
9 11
9 17
9 23
10 17
10 23
11 17
11 19
11 23
11 30
12 13
12 14
12 17
12 20
13 20
14 22
14 23
15 17
15 21
15 23
15 55
16 20
17 18
17 19
17 21
17 22
17 23
17 25
17 28
17 29
17 30
17 32
18 21
18 22
18 23
18 28
19 20
19 22
19 26
19 30
19 34
20 23
20 24
20 26
20 30
20 31
20 34
21 22
21 23
21 25
21 28
22 23
22 28
22 29
22 30
22 32
23 25
23 27
23 28
23 29
23 30
23 32
23 33
23 38
23 45
23 49
24 26
24 31
25 28
26 30
26 31
26 34
27 28
27 39
27 42
27 43
27 44
27 51
27 52
28 32
28 49
28 58
29 30
29 35
30 34
30 35
30 36
30 37
32 58
35 36
35 37
39 40
39 44
39 49
39 62
40 44
40 52
41 44
42 48
43 51
44 50
44 51
44 52
44 59
45 46
45 47
45 48
45 53
45 54
45 56
45 57
45 60
45 61
45 62
46 62
48 56
49 62
51 52
53 57
56 57
57 62
61 62
