67 67 142
1 4
1 5
2 13
2 25
2 37
2 52
3 21
3 56
3 61
4 5
4 8
4 9
5 7
5 8
5 9
6 9
6 62
7 8
7 28
7 40
8 12
8 16
8 29
8 32
8 34
8 42
8 58
8 62
9 49
10 11
10 20
12 13
12 30
12 32
12 48
12 66
13 62
14 26
14 33
14 44
15 16
15 17
15 31
15 46
16 17
16 18
16 31
16 46
16 48
16 63
17 31
17 46
18 20
18 36
18 41
18 45
19 53
20 36
20 41
20 45
21 41
21 45
21 50
21 52
21 61
22 49
22 56
22 64
23 24
23 37
23 52
23 63
24 37
24 52
24 63
25 65
26 27
27 43
27 55
28 34
28 39
28 47
28 54
29 50
30 33
30 37
30 48
30 52
30 57
30 58
30 67
31 46
32 33
33 67
34 42
34 58
35 61
36 41
37 43
37 45
37 48
37 52
37 67
38 44
39 47
39 51
39 54
40 57
41 43
41 45
41 52
41 56
42 58
43 55
44 48
45 51
46 53
47 51
47 53
47 54
47 63
48 62
49 55
49 56
49 64
50 59
50 67
51 54
51 66
52 55
52 63
54 55
55 56
55 64
55 67
56 61
56 64
57 60
57 61
58 65
59 60
62 66