118 118 200
1 2
1 12
1 13
1 23
1 29
1 30
1 36
1 79
1 108
1 112
1 113
1 115
1 116
2 8
2 15
2 20
2 21
2 22
2 25
2 26
2 31
2 32
2 33
2 34
2 39
2 40
2 61
2 65
2 81
2 82
2 85
2 87
2 90
2 91
2 92
2 93
2 105
2 109
2 114
2 117
2 118
3 4
3 5
3 6
3 24
3 73
3 74
4 5
4 6
4 7
4 24
4 43
4 94
4 95
5 6
5 24
5 43
5 73
5 74
5 104
6 9
6 43
6 88
6 89
9 10
9 11
9 27
9 38
9 84
10 11
11 12
11 47
11 50
11 84
12 28
12 30
12 47
12 50
12 54
12 55
12 56
12 57
12 59
12 64
12 69
12 70
12 71
12 72
12 83
12 98
12 101
12 102
12 103
12 108
14 15
15 20
15 21
15 22
15 53
15 66
15 75
16 17
16 18
16 19
17 18
17 19
17 24
17 78
17 86
18 19
20 21
20 22
20 25
21 22
22 44
22 49
22 61
23 80
24 37
24 45
24 48
24 73
24 74
24 76
24 77
24 78
24 86
24 94
24 95
24 99
24 100
24 104
24 106
24 107
27 35
27 38
27 58
28 97
30 79
30 116
31 32
31 33
31 34
32 33
32 34
33 34
36 41
36 42
39 40
41 42
46 47
47 50
51 52
51 53
51 62
51 63
52 53
53 62
53 63
53 66
53 75
55 59
56 57
56 60
56 96
56 110
56 111
60 96
62 63
66 67
66 68
66 75
67 68
69 70
69 71
69 72
70 71
70 72
71 72
72 101
72 102
72 103
73 74
76 77
77 99
78 86
79 116
81 82
88 89
90 91
92 114
94 95
95 100
101 102
101 103
102 103
106 107
108 115
110 111
117 118
