51 51 124
1 2
1 3
2 3
2 5
2 43
3 5
3 18
3 20
3 34
3 35
3 44
3 45
4 5
4 6
4 7
4 8
5 12
5 21
5 42
5 46
6 5
6 8
7 5
7 6
7 8
8 5
9 10
9 11
9 12
9 13
9 14
10 11
10 12
10 14
11 5
11 12
11 21
11 43
12 13
12 14
12 22
12 42
13 14
13 51
14 22
15 12
15 16
16 12
17 3
17 18
19 5
19 12
19 20
19 21
19 22
21 12
21 13
21 14
21 38
21 42
21 46
21 47
21 48
23 24
23 25
23 26
23 27
23 28
23 29
23 30
23 31
24 25
27 26
28 26
28 27
28 29
28 30
28 31
29 26
29 27
29 31
30 14
30 26
30 27
30 29
30 31
30 36
31 26
31 27
32 3
32 33
32 34
32 35
32 36
33 3
33 34
33 35
34 35
36 3
36 5
36 12
36 14
36 21
36 33
36 34
36 35
36 42
37 21
37 38
39 20
39 40
39 41
40 41
42 49
42 50
43 3
43 5
43 12
43 14
43 21
45 18
45 35
48 47
51 14
