77 77 254
1 14
2 36
2 72
2 14
3 52
3 45
3 36
3 27
3 5
3 58
3 55
3 43
3 61
3 39
3 67
3 24
3 26
3 70
3 32
4 48
4 76
4 7
4 69
4 46
4 19
4 33
4 66
4 9
4 64
5 21
5 10
5 20
5 38
5 17
5 36
5 27
6 55
6 16
6 47
6 69
6 36
6 34
6 53
6 56
6 27
7 15
7 46
7 48
7 76
7 9
7 64
7 37
7 33
7 69
7 66
7 19
8 69
8 54
9 36
9 37
9 34
9 27
9 46
9 48
9 19
9 76
9 64
9 69
9 66
9 15
9 33
10 36
10 21
10 20
10 38
10 17
11 41
11 69
12 14
13 42
14 36
14 77
14 40
14 63
14 31
14 23
14 72
15 76
15 69
15 19
15 47
15 55
15 32
15 36
15 57
15 66
15 33
15 64
15 25
15 37
15 73
15 22
15 74
15 28
16 34
16 47
16 69
16 55
16 53
16 56
17 21
17 20
17 38
17 36
18 43
18 55
18 47
19 37
19 66
19 48
19 76
19 33
19 69
19 46
19 64
20 36
20 21
20 38
21 36
21 38
22 74
24 61
24 39
24 67
24 26
24 70
24 32
25 57
25 74
25 28
26 61
26 39
26 67
26 70
26 32
27 29
27 57
27 69
27 34
27 53
27 43
27 56
27 62
27 55
27 45
27 30
27 36
27 42
28 36
28 57
28 74
28 35
28 44
29 36
29 57
30 36
32 57
32 61
32 39
32 67
32 70
33 46
33 48
33 76
33 47
33 37
33 69
33 66
33 64
34 47
34 43
34 36
34 53
34 56
34 55
36 74
36 64
36 69
36 53
36 56
36 75
36 62
36 55
36 43
36 57
36 38
36 59
36 45
36 42
36 51
36 68
36 72
36 65
36 58
36 60
37 76
37 69
37 64
37 66
37 47
37 50
39 61
39 67
39 70
41 69
42 75
43 71
43 53
43 56
43 47
43 57
43 55
44 73
45 52
46 69
46 64
47 53
47 56
47 55
48 66
48 76
48 64
48 69
49 55
53 69
53 56
53 55
55 69
55 56
55 57
55 73
56 69
57 74
57 62
61 67
61 70
64 66
64 76
64 69
66 76
66 69
67 70
69 76
71 74
