494 494 586
16 1
46 1
267 1
4 2
52 3
186 3
8 4
120 4
158 4
429 4
432 4
115 5
150 6
433 6
18 7
165 7
367 7
426 7
422 9
205 10
277 10
412 11
436 11
13 12
14 12
16 12
16 15
17 16
19 16
57 16
20 17
21 17
281 17
334 17
23 22
140 22
140 23
155 23
197 23
25 24
157 25
170 25
99 26
425 26
28 27
85 28
173 28
307 29
316 29
31 30
182 31
186 31
376 32
444 32
34 33
239 33
222 35
325 36
419 36
147 37
262 37
39 38
398 38
40 39
281 39
417 40
47 41
328 41
413 41
172 42
328 42
175 43
102 44
286 44
174 45
203 45
264 45
285 45
253 46
153 47
285 47
205 48
271 48
283 48
306 48
50 49
114 49
455 49
238 50
331 50
442 50
82 51
409 51
397 52
271 53
310 53
162 54
406 54
269 55
363 55
124 56
224 56
84 57
59 58
60 58
347 59
377 59
332 61
418 61
438 62
64 63
89 63
190 63
394 63
66 65
428 65
436 65
69 67
70 67
71 67
70 68
72 68
73 68
214 68
71 70
72 70
142 70
311 70
320 70
74 71
75 71
76 71
91 71
353 71
212 72
213 72
440 72
464 72
78 77
187 77
264 77
123 78
265 78
80 79
214 79
421 79
147 80
252 80
355 80
393 80
437 80
396 81
457 81
287 82
387 83
423 83
173 84
88 85
116 85
275 85
454 85
88 86
88 87
236 87
326 89
91 90
386 90
93 91
94 91
95 91
371 91
95 92
387 92
96 95
326 97
422 97
150 98
156 98
224 99
158 100
220 100
391 100
102 101
178 102
233 102
286 102
306 103
429 103
105 104
191 104
257 104
263 104
255 106
246 107
334 107
191 108
380 108
112 109
112 110
112 111
123 112
179 112
298 112
263 113
337 113
378 113
416 113
115 114
285 114
354 115
117 116
119 117
124 118
346 118
346 119
429 120
123 121
123 122
187 122
264 122
297 122
179 123
265 123
126 125
385 126
129 127
226 127
225 128
438 128
141 130
141 131
141 132
142 133
143 134
140 135
141 136
142 136
144 136
141 137
142 137
145 137
199 138
340 138
147 139
143 142
473 142
478 142
487 142
242 143
183 146
245 146
339 146
434 148
443 148
150 149
217 149
397 150
153 151
154 151
155 151
153 152
154 152
155 152
203 153
241 155
157 156
160 159
183 159
248 159
388 159
392 159
369 160
399 160
410 161
355 162
167 163
246 163
167 164
231 164
417 164
470 164
341 166
423 166
169 168
344 169
400 169
325 170
172 171
202 173
175 174
285 174
464 176
226 177
340 178
181 180
233 181
184 183
185 183
248 183
198 188
212 188
190 189
401 190
192 191
195 191
196 191
374 191
380 191
416 191
193 192
194 192
465 197
201 198
364 199
280 200
247 202
297 203
205 204
206 204
207 204
208 205
283 205
357 205
369 205
278 207
209 208
211 210
457 211
465 211
444 213
390 215
440 215
217 216
218 216
219 216
277 217
286 217
429 217
235 219
271 220
449 220
367 221
464 221
240 222
436 222
345 223
398 223
407 223
377 224
454 224
226 225
282 225
377 225
228 227
420 228
230 229
315 230
436 230
386 231
473 231
233 232
234 232
235 232
301 236
399 236
300 237
308 237
294 238
322 239
422 240
329 241
258 242
431 242
480 242
244 243
309 243
300 245
333 247
249 248
250 249
251 249
363 252
256 253
256 254
256 255
385 255
266 257
336 257
402 257
427 257
259 258
260 258
261 258
431 258
466 258
443 262
336 263
378 263
265 264
407 267
269 268
422 269
372 270
404 270
272 271
310 271
377 271
273 272
274 272
345 275
375 275
407 275
315 276
394 276
432 277
279 278
431 278
479 278
281 280
285 284
287 284
288 284
289 285
290 285
289 286
290 286
291 289
292 290
294 293
419 294
447 295
297 296
298 296
299 296
456 297
372 300
302 301
304 301
306 301
310 301
323 301
429 301
303 302
493 302
305 304
494 304
310 306
434 307
373 308
409 309
317 310
318 310
319 310
391 310
317 311
318 311
319 311
320 311
317 312
318 313
319 314
428 316
321 320
401 321
323 322
340 323
435 323
325 324
328 327
396 329
331 330
335 332
392 333
434 335
343 337
394 338
342 339
423 341
416 343
348 345
350 345
352 345
353 345
347 346
349 346
351 346
353 346
375 346
395 352
403 353
420 354
385 356
358 357
359 357
361 357
399 357
360 358
362 358
438 365
367 366
376 367
426 367
369 368
370 368
371 368
372 369
373 369
392 373
408 374
395 377
380 379
381 379
383 379
384 380
417 381
430 381
384 382
389 388
439 390
404 392
439 393
457 396
465 396
442 400
403 402
406 405
427 408
418 410
412 411
437 412
415 414
416 414
417 414
424 420
422 421
435 421
431 429
431 430
437 434
436 435
442 441
446 445
447 445
449 445
450 446
455 446
455 447
450 448
451 449
452 449
453 449
455 454
457 456
458 456
459 457
460 457
461 457
462 457
463 457
467 466
480 466
481 467
472 468
478 468
473 469
478 469
471 470
472 471
474 473
475 473
476 473
477 473
481 480
483 480
482 481
483 481
486 481
486 482
484 483
485 483
490 488
493 488
494 488
490 489
491 489
492 490