662 662 906
222 1 
286 1 
9 2 
228 2 
298 2 
95 3 
166 3 
126 4 
259 4 
83 5 
228 5 
109 6 
213 6 
45 7 
65 7 
38 8 
117 8 
119 8 
199 8 
211 8 
267 8 
222 9 
49 10 
106 10 
216 10 
303 10 
122 11 
124 11 
25 12 
80 12 
90 13 
294 13 
80 14 
245 14 
24 15 
86 15 
137 15 
165 15 
304 15 
57 16 
277 16 
223 17 
231 17 
251 18 
289 18 
201 19 
236 19 
122 20 
141 20 
75 21 
273 21 
27 22 
227 22 
34 23 
89 23 
187 24 
158 25 
193 25 
289 25 
305 25 
202 26 
250 26 
69 27 
33 28 
140 28 
54 29 
238 29 
149 30 
154 30 
96 31 
97 31 
308 31 
157 32 
271 32 
228 33 
48 34 
136 34 
166 34 
167 34 
196 34 
310 34 
370 35 
265 36 
281 36 
68 37 
277 37 
105 38 
104 39 
267 39 
124 40 
293 40 
98 41 
214 41 
264 42 
264 43 
287 43 
67 44 
75 44 
146 44 
188 44 
210 45 
234 45 
81 46 
277 46 
182 47 
201 47 
286 48 
212 49 
171 50 
185 50 
168 51 
272 51 
237 52 
272 52 
318 53 
108 54 
206 55 
290 55 
132 56 
149 56 
151 56 
176 56 
192 57 
125 58 
232 58 
238 58 
284 58 
319 58 
108 59 
282 59 
277 60 
146 61 
224 61 
152 62 
190 62 
113 63 
184 63 
322 64 
143 65 
203 66 
253 66 
296 67 
281 68 
214 69 
262 69 
326 69 
75 70 
198 70 
75 71 
197 71 
117 72 
142 72 
129 73 
142 73 
100 74 
113 74 
133 74 
217 74 
241 75 
328 75 
234 76 
255 76 
118 77 
142 78 
144 78 
215 79 
294 79 
226 81 
217 82 
252 82 
124 83 
118 84 
195 84 
139 85 
196 85 
201 86 
331 87 
161 88 
197 88 
293 89 
136 90 
333 91 
337 92 
216 93 
264 93 
167 94 
247 94 
246 95 
227 96 
288 97 
170 98 
288 98 
210 99 
221 101 
233 101 
229 102 
273 102 
343 103 
253 104 
291 105 
191 106 
135 107 
193 107 
251 107 
121 108 
202 108 
344 108 
271 109 
162 110 
189 110 
219 111 
264 111 
202 112 
284 112 
265 113 
275 113 
345 113 
171 114 
229 114 
134 115 
194 115 
129 116 
200 116 
347 118 
120 119 
199 119 
142 120 
134 121 
152 122 
155 122 
348 122 
224 123 
262 123 
239 124 
156 125 
168 126 
349 127 
155 128 
192 128 
144 130 
221 130 
277 131 
281 131 
287 132 
276 133 
251 135 
277 135 
208 137 
142 138 
261 138 
292 139 
192 140 
223 141 
357 142 
215 143 
292 143 
358 143 
359 145 
188 146 
224 146 
367 146 
237 147 
369 147 
220 148 
246 148 
259 148 
260 148 
224 150 
241 150 
213 151 
376 153 
294 154 
194 156 
206 156 
275 156 
278 156 
285 156 
230 157 
276 158 
203 159 
233 159 
193 160 
277 160 
253 161 
254 162 
245 163 
280 163 
382 164 
209 165 
255 165 
346 165 
173 169 
260 169 
229 170 
186 171 
240 171 
383 171 
222 172 
272 172 
272 173 
281 174 
233 175 
239 176 
385 177 
245 178 
249 178 
388 179 
207 180 
207 181 
208 182 
191 183 
201 183 
258 184 
207 185 
207 186 
242 187 
192 189 
230 190 
290 192 
207 195 
270 198 
211 199 
284 199 
389 199 
233 200 
244 200 
261 202 
205 203 
244 203 
391 203 
206 204 
281 204 
253 205 
258 206 
283 206 
392 206 
209 208 
287 212 
231 213 
266 216 
395 218 
271 219 
269 220 
396 220 
401 225 
245 226 
280 228 
270 229 
402 229 
231 230 
403 231 
296 233 
235 234 
268 234 
404 234 
295 235 
266 236 
268 242 
287 242 
406 243 
254 245 
407 245 
269 247 
414 248 
415 249 
282 250 
416 252 
291 253 
417 253 
418 256 
419 257 
423 263 
424 264 
425 272 
427 274 
428 277 
283 278 
285 278 
429 279 
294 293 
295 294 
448 297 
312 298 
313 298 
407 298 
300 299 
336 299 
339 299 
343 299 
371 301 
372 302 
304 303 
424 303 
346 304 
345 305 
366 305 
394 305 
407 305 
420 305 
428 305 
436 305 
307 306 
308 306 
309 306 
378 306 
379 306 
434 306 
381 307 
419 308 
421 308 
321 309 
326 309 
328 309 
332 309 
341 309 
342 309 
422 309 
311 310 
312 310 
370 310 
410 310 
426 310 
645 311 
315 314 
413 314 
322 315 
343 315 
386 315 
380 316 
420 316 
377 317 
432 317 
359 318 
361 318 
395 318 
423 318 
324 319 
442 319 
336 320 
418 321 
377 322 
386 322 
430 322 
393 323 
456 323 
389 324 
417 324 
331 325 
429 325 
332 326 
458 326 
357 327 
579 327 
437 328 
429 329 
433 330 
418 331 
435 331 
367 332 
334 333 
335 333 
376 333 
385 334 
414 334 
385 335 
414 335 
386 336 
388 337 
429 337 
448 337 
340 338 
400 338 
432 338 
340 339 
400 339 
377 343 
432 343 
503 344 
406 345 
416 345 
442 345 
404 346 
383 347 
445 347 
448 347 
351 348 
356 348 
394 348 
492 348 
350 349 
398 349 
382 350 
401 350 
426 351 
375 352 
401 352 
421 352 
424 353 
572 353 
370 354 
358 355 
427 355 
403 356 
384 357 
389 357 
404 358 
360 359 
385 359 
423 359 
385 360 
388 360 
362 361 
415 361 
364 363 
385 363 
415 363 
423 365 
436 365 
423 366 
368 367 
390 367 
409 369 
414 369 
410 370 
427 370 
382 371 
399 372 
375 373 
421 373 
375 374 
421 374 
414 376 
434 378 
648 378 
441 379 
650 379 
428 380 
382 381 
431 381 
398 382 
419 382 
443 382 
402 383 
435 383 
417 384 
386 385 
387 385 
395 385 
406 388 
442 388 
391 390 
417 390 
442 392 
394 393 
408 393 
413 393 
441 393 
566 393 
428 394 
409 395 
414 395 
410 396 
398 397 
399 397 
400 397 
401 398 
432 398 
429 399 
430 400 
421 401 
422 402 
424 403 
421 405 
416 406 
411 408 
413 408 
566 408 
618 408 
410 409 
412 410 
414 410 
415 412 
414 413 
425 414 
442 416 
435 417 
437 417 
438 417 
422 421 
443 421 
445 422 
427 426 
430 429 
432 431 
613 431 
433 432 
435 434 
571 434 
438 435 
439 437 
439 438 
440 439 
442 441 
444 443 
446 445 
447 446 
502 449 
562 449 
525 450 
533 450 
484 451 
500 451 
466 452 
486 452 
555 453 
573 453 
533 454 
553 454 
559 454 
561 455 
584 455 
457 456 
518 456 
544 456 
564 456 
571 456 
508 457 
523 457 
536 457 
552 457 
557 457 
575 457 
585 458 
534 459 
580 459 
510 460 
578 460 
536 461 
560 461 
470 462 
479 462 
575 463 
475 464 
508 464 
558 464 
565 464 
582 464 
476 465 
535 465 
556 465 
585 465 
569 466 
482 467 
545 467 
546 468 
482 469 
524 469 
528 469 
475 470 
557 470 
514 471 
543 471 
548 471 
549 471 
576 471 
579 471 
511 472 
562 472 
583 472 
489 473 
501 473 
490 474 
493 474 
504 474 
563 474 
569 474 
500 475 
558 475 
565 475 
543 476 
529 477 
570 477 
489 478 
505 478 
517 478 
521 478 
527 478 
480 479 
491 480 
497 480 
500 480 
537 480 
565 480 
582 480 
584 480 
536 481 
488 482 
512 482 
521 482 
542 482 
515 483 
517 483 
497 484 
507 484 
529 484 
519 485 
540 485 
496 486 
509 487 
567 487 
516 488 
519 488 
576 488 
545 489 
567 489 
580 489 
513 491 
509 492 
578 493 
575 494 
502 495 
546 495 
539 496 
506 498 
509 498 
549 499 
575 499 
539 500 
582 500 
509 501 
517 501 
522 502 
554 502 
519 503 
555 504 
538 505 
540 506 
567 509 
586 509 
533 510 
570 511 
580 512 
584 513 
575 514 
559 515 
575 516 
555 517 
572 517 
526 518 
564 518 
566 518 
555 520 
569 520 
533 522 
532 523 
573 525 
564 526 
539 528 
558 528 
531 530 
562 530 
574 532 
555 534 
552 536 
574 536 
575 536 
555 538 
550 541 
573 541 
651 544 
659 544 
551 547 
553 547 
585 548 
554 551 
581 555 
585 556 
582 560 
570 561 
565 564 
582 565 
567 566 
568 566 
572 567 
581 567 
569 568 
577 569 
583 570 
581 577 
586 581 
590 587 
628 587 
595 588 
608 588 
610 589 
640 589 
591 590 
608 590 
632 590 
634 590 
662 591 
604 592 
594 593 
596 593 
601 593 
619 593 
628 593 
647 593 
642 594 
646 594 
628 595 
632 595 
639 595 
619 596 
643 596 
598 597 
602 597 
610 597 
635 597 
602 598 
610 598 
611 598 
623 598 
627 598 
635 598 
639 598 
606 599 
614 599 
612 600 
629 600 
628 601 
633 601 
609 603 
611 604 
640 604 
626 605 
629 605 
633 605 
622 606 
616 607 
626 607 
638 607 
628 608 
633 609 
611 610 
627 610 
640 610 
640 611 
631 612 
614 613 
644 613 
622 615 
642 615 
646 615 
617 616 
639 617 
619 618 
620 619 
645 619 
622 621 
643 621 
640 624 
661 624 
639 625 
631 626 
630 628 
632 628 
639 629 
660 634 
637 636 
638 636 
641 640 
644 643 
646 645 
647 645 
649 648 
655 648 
655 650 
652 651 
656 652 
657 652 
659 652 
654 653 
656 653 
658 653 
659 653 
660 653 
662 653 
655 654 
656 654 
657 654 
658 654 
658 655 
660 655 
661 655 
662 655 
658 656 
660 656 
661 656 
658 657 
659 657 
659 658 
662 658 
661 660 
662 660 
662 661 